# oST version 5.0 parameters


[image]

width
1280

height
720

[narrow_stereo]

camera matrix
1240.781539 0.000000 647.494103
0.000000 1240.090247 364.507829
0.000000 0.000000 1.000000

distortion
-0.295702 0.196959 0.001127 -0.001001 0.000000

rectification
1.000000 0.000000 0.000000
0.000000 1.000000 0.000000
0.000000 0.000000 1.000000

projection
1149.787842 0.000000 646.667459 0.000000
0.000000 1207.791626 364.614654 0.000000
0.000000 0.000000 1.000000 0.000000

